Final set of parameters            Asymptotic Standard Error
=======================            ==========================
a               = 8.4675e+12       +/- 4.009e+23    (4.735e+12%)
b               = -0.109892        +/- 0.002733     (2.487%)
c               = -21.9186         +/- 4.787e+10    (2.184e+11%)
d               = 17.5229          +/- 1.703        (9.719%)
